0 0
0 1
0 2
0 3
0 62
0 63
1 0
1 1
1 3
0
1
(0000000000000000000000000000000000000000000000000000000000000101,0000000000000000000000000000000000000000000000000000000000010001) 4
4
0
(0000000000000000000000000000000000000000000000000000000000000100,0000000000000000000000000000000000000000000000000000000000000001) 2
2
0
1
1
0
0
0
1
(0000000000000000000000000000000000000000000000000000000000000101,1000000000000000000001000000000000000000100000000000000010000001) 7
7
0
(0000000000000000000000000000000000000000000000000000000000000001,0000000000000000000000000000000000000000100000000000000010000000) 3
3
0
1
1
1
0
0
0
0
(0000000000000000000000000000000000000000000000000000000000000001,0000000000000000000000000000000000000000100000000000000010000000) 3
3
0
(0000000000000000000000000000000000000000000000000000000000000100,0000000000000000000000000000000000000000000000000000000000000001) 2
2
0
