4
3
(0000000000000000000000000000000000000000000000000000000000001101,1000000000000000000000000000000010000000000000000000000000010001) 7
(0000000000000000000000000000000000000000000000000000000000001011,1000000000000000000000000000000010000000000000000010000000010000) 7
(0000000000000000000000000000000000000000000000000000000000001111,1000000000000000000000000000000010000000000000000010000000010001) 9
(0000000000000000000000000000000000000000000000000000000000001001,1000000000000000000000000000000010000000000000000000000000010000) 5
(0000000000000000000000000000000000000000000000000000000000000100,0000000000000000000000000000000000000000000000000000000000000001) 2
(0000000000000000000000000000000000000000000000000000000000000010,0000000000000000000000000000000000000000000000000010000000000000) 2
(0000000000000000000000000000000000000000000000000000000000000110,0000000000000000000000000000000000000000000000000010000000000001) 4
(0000000000000000000000000000000000000000000000000000000000000010,0111111111111111111111111111111101111111111111111111111111101110) 61
